12213344
06858948
06913574
07146734
SC729332
13561800
13561864
09793050
11484357
14125791
14211423
14206995
14721158
13407794
NI646565
SC721672
NI072860
15325780
10502957
11687207
09728939
07142180
10509884
05854013
OC439503
14088729
09119601
03468023
07600685
13675448
06343818
14848391
13412008
01941995
11135510
14922232
12807731
14888168
02474374
03896420
09803096
11428030
13378357
14478441
06992119
05706586
02070219
08873649
10811605
06528322
15051837
05075933
08470200
10498305
09073331
02002846
06974933
11191263
14996235
14710332
07638568
08753005
10929207
12770912
08319490
11891744
13859168
07281190
07762611
03258953
07061462
11989159
12178669
01815711
12868884
07295285
15144214
05911089
05911120
OE024500
OE030041
FC034346
07795457
01277754
14975665
14357803
14096433
14616490
01420088
CE015327
14988383
14816459
OE002209
OE002212
04204725
05997339
06747759
10263616
11040934
02152071
78654351